#GPS-PRO 1.0 Parameters
#Version: 1.0(20190926)
#By Chenwei Wang    @HUST
@param	Code=K	Up=30	Down=30
@AUC=0.9118991706833974
@weight	-0.0008027324513722092	0.010665865044329096	0.04407220998503627	-0.002495187716311691	-0.010606719611092644	0.10067864601903787	0.01164743501926536	-0.0012571174514945254	-0.014044318976555795	-0.007675696342783129	0.0012344617812357465	0.05842472845078263	0.036505688632509165	0.0022136234640403297	-0.0019235004761549133	-0.016826806624626302	0.033646244331754976	0.04239720084158212	-0.000634730064668096	-0.010684437702910662	0.03375014545156451	0.025391498741715333	0.04765854279990072	0.028205300545174367	0.006945800519529949	0.03696104824726471	0.02049189227371042	-0.006175724304980174	0.26123346459155156	0.12197178220995285	-0.6057093791336842	0.6192040971004286	0.010767695868396654	0.08527258731497453	0.3024875209553278	0.07542426247701356	0.020301194492505007	0.3140518767919265	0.13436102598484742	0.015311932171821717	0.0013541231404750377	0.011786818857529083	0.1395220535069034	0.06501814283099536	0.22445922302349205	-0.007134612132131741	0.0012286431948567802	0.004177383510656517	0.007428906711306463	0.007523969257646034	0.003178696822156834	0.010635290865002667	-0.007139546860079838	-0.0001760461742331868	0.0003563495687470876	0.03473013428300427	0.12697053919027537	-0.0038529551667491474	-0.00040473789699956367	-0.0003771049158806368	0.01797104688611601
 A R N D C Q E G H I L K M F P S T W Y V B Z X *
A -250.34158412780602 -45.63883528943206 -181.46021050957336 129.82035589065904 0.0 133.1099698246078 -29.455848252988517 0.0 -201.06222702412347 -94.74845850710967 -10.458647765956744 -12.075205479466264 288.72960170483367 25.76369145512036 -49.67854007516107 -6.58502524076798 0.0 -480.63395826081035 9.929054500152018 0.0 -0.0 -0.0 0.0 -1.236444619432696
R -45.63883528943206 -126.99599310902536 0.0 37.6095576769332 -67.97501262814508 48.089964827176246 0.0 71.095260243634 0.0 -152.0787296331342 -19.366180718329566 -125.6554482912688 -14.899705033534078 -149.20646431720593 -114.89156584989968 -136.94249378353965 -76.12359384088768 400.6941771846721 44.194657666087686 55.40772108720984 -0.0 0.0 -0.0 -77.29442153313562
N -181.46021050957336 0.0 -218.68866872123127 -251.4176997953917 -811.7807529821534 0.0 0.0 0.0 -528.617473801808 -30.74894045610825 68.18814435445282 0.0 274.1144626949004 12.517529599460362 326.28681676620397 71.89997468184916 0.0 167.97496354736404 -247.7112880053479 -192.6789708333199 0.0 0.0 -0.0 14.177029252683004
D 129.82035589065904 37.6095576769332 -251.4176997953917 -526.6028855279238 -660.7160237978856 0.0 39.9462889841834 83.95400424554886 -196.58225791060474 32.04414569253636 -110.72251636477407 180.90363542901378 -131.7068571595501 414.3193107106893 -63.2601121219702 0.0 -173.916297686424 130.23214417391188 -234.8252137744156 -349.5155126339839 0.0 0.0 -0.0 1.7617222850004601
C 0.0 -67.97501262814508 -811.7807529821534 -660.7160237978856 -4016.3077615294856 -274.65516279597654 -13.506030444217261 734.6807854765364 -1645.9646957456498 -366.83534637486207 184.5001991550601 -326.83339362177765 5.594767464016691 1302.0704209424512 743.392647290269 -181.53518970540995 -246.18445270190574 90.84130166970324 178.22661387531681 -407.8625941966344 -0.0 -0.0 -0.0 -163.24263331031028
Q 133.1099698246078 48.089964827176246 0.0 0.0 -274.65516279597654 -1035.621416608519 -202.3126123742388 -48.00682258814935 0.0 -332.47575045790376 -48.781105831195696 -271.5347441127738 0.0 -208.67221258534505 276.652853864675 0.0 444.46392163693514 1273.1808106123422 133.38273443252058 -127.25664597113442 0.0 0.0 -0.0 119.47331236678865
E -29.455848252988517 0.0 0.0 39.9462889841834 -13.506030444217261 -202.3126123742388 -121.98547594841749 40.426134192594 0.0 -199.1217640455146 -32.3392195054505 -239.82800005429127 -117.00045447730018 -196.2202295162353 177.30089658858586 0.0 246.72781606764224 177.0604917105205 75.1142309684711 -72.345695143849 0.0 0.0 -0.0 -94.81839179166771
G 0.0 71.095260243634 0.0 83.95400424554886 734.6807854765364 -48.00682258814935 40.426134192594 -1000.2757116512979 -500.17234069711935 246.452430859123 128.04439923661153 213.04075211409915 -237.32916514377166 -418.58972678136666 -35.22397485593535 0.0 -137.22957115654083 -426.064390509606 25.168545349338945 348.0882009963939 -0.0 -0.0 -0.0 -31.75811608551506
H -201.06222702412347 0.0 -528.617473801808 -196.58225791060474 -1645.9646957456498 0.0 0.0 -500.17234069711935 -2104.4621906081975 -932.2926416671646 286.88033082510225 96.20222545769654 289.1823970038551 398.9223834652547 604.532288778964 -8.555510976950867 215.5641782018058 857.8525254336441 590.1008216202699 162.80256816308867 0.0 0.0 -0.0 13.98882495679977
I -94.74845850710967 -152.0787296331342 -30.74894045610825 32.04414569253636 -366.83534637486207 -332.47575045790376 -199.1217640455146 246.452430859123 -932.2926416671646 -915.5710607473108 -34.85385076696424 -174.77575943806005 -165.98452236439311 0.0 491.21545561289395 -100.96236687270947 371.8152356447808 1506.6656915532806 463.5590887302713 104.35765279740842 -0.0 -0.0 -0.0 -125.81431485942953
L -10.458647765956744 -19.366180718329566 68.18814435445282 -110.72251636477407 184.5001991550601 -48.781105831195696 -32.3392195054505 128.04439923661153 286.88033082510225 -34.85385076696424 -208.1864811422564 -31.181017115552727 -85.57893396054399 0.0 -194.81652956548803 -162.35589116801071 185.930481889453 -122.24027633360772 -188.97886569664075 -118.77046152709329 -0.0 -0.0 -0.0 -2.8023255110999585
K -12.075205479466264 -125.6554482912688 0.0 180.90363542901378 -326.83339362177765 -271.5347441127738 -239.82800005429127 213.04075211409915 96.20222545769654 -174.77575943806005 -31.181017115552727 -183.13792501275543 -42.36058701648848 -59.29860649287635 200.36060887331726 0.0 97.90031104021037 123.38351331329696 47.37228855267063 -20.093585955653253 0.0 0.0 -0.0 -155.0045165002746
M 288.72960170483367 -14.899705033534078 274.1144626949004 -131.7068571595501 5.594767464016691 0.0 -117.00045447730018 -237.32916514377166 289.1823970038551 -165.98452236439311 -85.57893396054399 -42.36058701648848 -1096.1624611439609 0.0 -79.4841630802006 -95.07289639739855 32.45686878707199 534.1666793668707 381.5767541192703 -102.68846448612932 -0.0 -0.0 -0.0 -181.37370839212096
F 25.76369145512036 -149.20646431720593 12.517529599460362 414.3193107106893 1302.0704209424512 -208.67221258534505 -196.2202295162353 -418.58972678136666 398.9223834652547 0.0 0.0 -59.29860649287635 0.0 -1621.9238765900386 -3.9611952911184343 272.6642222519036 109.31955946258117 734.4164600973506 -46.276410424294866 402.802084421675 -0.0 -0.0 -0.0 -138.67754482018975
P -49.67854007516107 -114.89156584989968 326.28681676620397 -63.2601121219702 743.392647290269 276.652853864675 177.30089658858586 -35.22397485593535 604.532288778964 491.21545561289395 -194.81652956548803 200.36060887331726 -79.4841630802006 -3.9611952911184343 -714.5470244481146 -195.06314600599333 -512.6320908343159 -1034.1598020713282 -271.52882032413714 -29.638763620519452 -0.0 -0.0 -0.0 5.259138449209227
S -6.58502524076798 -136.94249378353965 71.89997468184916 0.0 -181.53518970540995 0.0 0.0 0.0 -8.555510976950867 -100.96236687270947 -162.35589116801071 0.0 -95.07289639739855 272.6642222519036 -195.06314600599333 -416.0012416838693 -15.997786789557724 324.21988281425735 110.27386484665233 80.27866971384395 0.0 0.0 0.0 25.213704488962104
T 0.0 -76.12359384088768 0.0 -173.916297686424 -246.18445270190574 444.46392163693514 246.72781606764224 -137.22957115654083 215.5641782018058 371.8152356447808 185.930481889453 97.90031104021037 32.45686878707199 109.31955946258117 -512.6320908343159 -15.997786789557724 -1153.4097351110886 -788.9021959149994 -443.90329830547586 0.0 -0.0 -0.0 0.0 16.948618745443934
W -480.63395826081035 400.6941771846721 167.97496354736404 130.23214417391188 90.84130166970324 1273.1808106123422 177.0604917105205 -426.064390509606 857.8525254336441 1506.6656915532806 -122.24027633360772 123.38351331329696 534.1666793668707 734.4164600973506 -1034.1598020713282 324.21988281425735 -788.9021959149994 -4500.574408769641 -783.0995086317391 -382.1269989664428 -0.0 -0.0 -0.0 -46.72180718669498
Y 9.929054500152018 44.194657666087686 -247.7112880053479 -234.8252137744156 178.22661387531681 133.38273443252058 75.1142309684711 25.168545349338945 590.1008216202699 463.5590887302713 -188.97886569664075 47.37228855267063 381.5767541192703 -46.276410424294866 -271.52882032413714 110.27386484665233 -443.90329830547586 -783.0995086317391 -928.8272483907296 -49.12130875717784 -0.0 -0.0 -0.0 -94.37359241841294
V 0.0 55.40772108720984 -192.6789708333199 -349.5155126339839 -407.8625941966344 -127.25664597113442 -72.345695143849 348.0882009963939 162.80256816308867 104.35765279740842 -118.77046152709329 -20.093585955653253 -102.68846448612932 402.802084421675 -29.638763620519452 80.27866971384395 0.0 -382.1269989664428 -49.12130875717784 -521.1240124040387 -0.0 -0.0 -0.0 28.044996694446237
B -0.0 -0.0 0.0 0.0 -0.0 0.0 0.0 -0.0 0.0 -0.0 -0.0 0.0 -0.0 -0.0 -0.0 0.0 -0.0 -0.0 -0.0 -0.0 0.0 0.0 -0.0 -0.0
Z -0.0 0.0 0.0 0.0 -0.0 0.0 0.0 -0.0 0.0 -0.0 -0.0 0.0 -0.0 -0.0 -0.0 0.0 -0.0 -0.0 -0.0 -0.0 0.0 0.0 -0.0 -0.0
X 0.0 -0.0 -0.0 -0.0 -0.0 -0.0 -0.0 -0.0 -0.0 -0.0 -0.0 -0.0 -0.0 -0.0 -0.0 0.0 0.0 -0.0 -0.0 -0.0 -0.0 -0.0 -0.0 -0.0
* -1.236444619432696 -77.29442153313562 14.177029252683004 1.7617222850004601 -163.24263331031028 119.47331236678865 -94.81839179166771 -31.75811608551506 13.98882495679977 -125.81431485942953 -2.8023255110999585 -155.0045165002746 -181.37370839212096 -138.67754482018975 5.259138449209227 25.213704488962104 16.948618745443934 -46.72180718669498 -94.37359241841294 28.044996694446237 -0.0 -0.0 -0.0 -76.47595214494994
